85811978
73466405
425160
1183060
1699
1223047
5564
17723
24988
3414996
757050
68825
15627026
161526
2023793864
6574
2085108579
3083201
5244630
1427
100402
1789472
353837
819281643
6524
268605
218340
1049841
1289
4122
1276513
67686
1427417255
166735
1156
429159
2062053174
2166
45786048
60390422
2107122
1635114600
81627
3340300
24857104
21209
148
2220976
137031079
117360
12187232
5269740
4268160
11375
3977000
261795
22250151
1260002
484806
6108
2744756
4973142
1754936
353546
2123913
86294320
37836288
142534286
442929808
16224
2754
1205296
83921
613
4325
13925520
1733
25806
357405
133261
4456
3959016
131547537
216004
13160
646568
66216
71243676
105123
15742
10846
163603080
14066
579200
142988321
847
62208
50275
148094144
339
16110
1492
124106
584
5375
1360680
5199570
92181420
223771680
640512
214172
367
69409186
280817856
630
10195287
1243
57128
1164713
147305
41404
66386
101
52354713
84
26896320
8067652
14743392
48314112
38016
610049514
232573366
12794881
5018181
6150395
1158420
69935
72403403
1013518
15812890
31778151
51720
6563450
20
1509401
327630
1619
404273624
14795
85146944
760750
24077
40364
46327058
588876
1201542120
6209892
329311
724053
63748932
2037
1696
40406
986992182
355432
1730
289645
56200
214319
1566522
289885
59896736
1642
162
7360086
472830
1657821801
321632
25188
265825
2934
21695350
2101
12691402
2844777
2759965
40857
36182848
130500
20945015
290
441
5049
9963600
29716
577945920
56419
200671582
715402
254205
24075816
46277
9262
979
9750086
37542120
311952
101
29980
733278
2916308
61381980
261
216190
86701
44531721
1890169
553589
3473
7449
14217381
1137432024
504148
286
753806
56782
40089934
69042001
406083
92034233
168440
24320
2304000
38901712
1852
751040
43754256
38745
46452
8366410
2189148
146535
168523
384068088
540712586
8854995
557
1748681
9192634
106116
900
110326281
16320
104822111
1501
45370174
45732
2011429
36785
550738
6300
1451597490
2901426
48048
533390081
3458
797862
203093
26900808
5507695
13653
120506
44944
3679200
62960
277211
148213
161398
1484629
1991406384
180179
16525824
2147376
354372784
1388807
1238144
158427360
185554800
1608
81802172
3037306
1246434
1251185423
393960
1605916
700140
126108
37113
4608
282187